#R class  10/25

a<-c(1,2,3)
