#Cindy2
B<-1+2
